{
 "cells": [
  {
   "cell_type": "markdown",
   "id": "07927bdb-ded4-4948-b5a5-fbc1e6b238f6",
   "metadata": {},
   "source": [
    "# Vérification du fonctionnement de L"
   ]
  },
  {
   "cell_type": "code",
   "execution_count": 1,
   "id": "bdfc121a-3dd2-4df6-a85a-089c122bed16",
   "metadata": {},
   "outputs": [],
   "source": [
    "import pandas as pd\n",
    "import numpy as np\n",
    "\n",
    "class CarboneAlpha:\n",
    "    \"\"\"Classe pour représenter un carbone alpha d'une protéine.\"\"\"\n",
    "    \n",
    "    def __init__(self, number, x, y, z):\n",
    "        self.number = number\n",
    "        self.x = x\n",
    "        self.y = y\n",
    "        self.z = z\n",
    "    \n",
    "    def compute_distance(self, other):\n",
    "        dist = ((other.x - self.x) ** 2 + (other.y - self.y) ** 2 + (other.z - self.z) ** 2) ** 0.5\n",
    "        return dist\n",
    "\n",
    "class Template:\n",
    "    \"\"\"Classe pour représenter le template utilisé.\"\"\"\n",
    "    \n",
    "    def __init__(self, file):\n",
    "        self.structure = self.build_template_from_pdb(file)\n",
    "        self.length = len(self.structure)\n",
    "\n",
    "    def build_template_from_pdb(self, filename):\n",
    "        list_calpha = []\n",
    "        with open(filename, \"r\") as pdb :\n",
    "            for ligne in pdb:\n",
    "                if ligne.startswith(\"ATOM\") and (ligne[12:16].strip() == \"CA\"):\n",
    "                    number = ligne[6:11].strip()\n",
    "                    x = float(ligne[30:38].strip())\n",
    "                    y = float(ligne[38:46].strip())\n",
    "                    z = float(ligne[46:54].strip())\n",
    "                                       \n",
    "                    list_calpha.append(CarboneAlpha(number, x, y, z))\n",
    "        return list_calpha\n",
    "        \n",
    "    def build_dist_matrix(self):\n",
    "        dist_list = []\n",
    "        \n",
    "        for i, atom in enumerate(self.structure):\n",
    "            dist_ligne = []\n",
    "            for other in (self.structure):\n",
    "                dist_ligne.append(atom.compute_distance(other))\n",
    "            dist_list.append(dist_ligne)\n",
    "            \n",
    "        dist_matrix = np.array(dist_list)\n",
    "        return dist_matrix\n",
    "    \n",
    "    def __str__(self):\n",
    "        string = \"\"\n",
    "        for i, ca in enumerate(self.structure):\n",
    "            string += f\"position {i}-{ca.number}, coor( {ca.x}, {ca.y}, {ca.z})\\n\"\n",
    "        return string\n",
    "\n",
    "def clean_DOPE_data(filename):\n",
    "    ca_matrix = []\n",
    "    \n",
    "    with open(filename, \"r\") as dope :\n",
    "        for ligne in dope:\n",
    "            if ligne[3:7].strip() == \"CA\" and ligne[11:14].strip() == \"CA\":\n",
    "                ca_matrix.append(ligne.split())\n",
    "    \n",
    "    columns = ['res1', 'temp1', 'res2', 'temp2'] + list(np.arange(0.25, 15, 0.5))\n",
    "    dope_score = pd.DataFrame(ca_matrix, columns = columns) \n",
    "    dope_score = dope_score.drop(['temp1', 'temp2'], axis=1)\n",
    "    \n",
    "    return dope_score\n",
    "\n",
    "class DynamicMatrix:    \n",
    "    def __init__(self, lines, columns, gap):\n",
    "        self.matrix = np.zeros((lines, columns))\n",
    "        self.lines = lines\n",
    "        self.columns = columns\n",
    "        self.gap = gap\n",
    "\n",
    "    def initialize_matrix(self, first_val, start, end, get_score):\n",
    "        if (start[0] < 0) or (start[1] < 0):\n",
    "            raise ValueError(\"Start of initialization out of matrix.\")\n",
    "        if (end[0] >= self.lines) or (end[1] >= self.columns):\n",
    "            raise ValueError(\"End of initialization out of matrix.\")\n",
    "        \n",
    "        # Première case\n",
    "        self.matrix[start[0], start[1]] = first_val\n",
    "        \n",
    "        # Remplissage de la première colonne jusqu'à la limite\n",
    "        for i in range(start[0] + 1, end[0] + 1):\n",
    "            self.matrix[i, start[1]] = self.matrix[i - 1, start[1]] + self.gap + get_score(i, start[1])\n",
    "\n",
    "        # Remplissage de la première ligne jusqu'à la limite\n",
    "        for j in range(start[1] + 1, end[1] + 1):\n",
    "            self.matrix[start[0], j] = self.matrix[start[0], j - 1] + self.gap + get_score(start[0], j)\n",
    "\n",
    "# Matrice de distance\n",
    "PDB_FILE = \"../data/5awl.pdb\"\n",
    "TEMPLATE = Template(PDB_FILE)\n",
    "DIST_MATRIX = TEMPLATE.build_dist_matrix()\n",
    "    \n",
    "# Matrice DOPE\n",
    "DOPE_FILE = \"../data/dope.par\"\n",
    "DOPE_MATRIX = clean_DOPE_data(DOPE_FILE)"
   ]
  },
  {
   "cell_type": "code",
   "execution_count": 24,
   "id": "5e2612fe-c743-4914-9add-cdf1a97671ea",
   "metadata": {},
   "outputs": [],
   "source": [
    "class LowLevelMatrix(DynamicMatrix):\n",
    "    aa_codes = {\n",
    "    'A': 'ALA', 'R': 'ARG', 'N': 'ASN', 'D': 'ASP', 'C': 'CYS',\n",
    "    'Q': 'GLN', 'E': 'GLU', 'G': 'GLY', 'H': 'HIS', 'I': 'ILE',\n",
    "    'L': 'LEU', 'K': 'LYS', 'M': 'MET', 'F': 'PHE', 'P': 'PRO',\n",
    "    'S': 'SER', 'T': 'THR', 'W': 'TRP', 'Y': 'TYR', 'V': 'VAL'\n",
    "    }\n",
    "    \n",
    "    def __init__(self, gap, frozen, distance, dope, sequence):\n",
    "        lines = len(sequence)\n",
    "        columns = len(distance)\n",
    "        \n",
    "        DynamicMatrix.__init__(self, lines, columns, gap)\n",
    "\n",
    "        # Vérification du blocage de la case\n",
    "        if (frozen['seq_id'] >= lines) or (frozen['seq_id'] < 0):\n",
    "            raise ValueError(\"Frozen line index out of matrix.\")\n",
    "        if (frozen['pos_id'] >= columns) or (frozen['pos_id'] < 0):\n",
    "            raise ValueError(\"Frozen column index out of matrix\")\n",
    "\n",
    "        # Récupération du résidu fixé\n",
    "        frozen['seq_res'] = sequence[frozen['seq_id']]\n",
    "        \n",
    "        self.frozen = frozen\n",
    "        self.distance = distance\n",
    "        self.dope = dope\n",
    "        self.sequence = sequence\n",
    "\n",
    "        print(distance)\n",
    "\n",
    "    def round_distance(self, dist):\n",
    "        # arrondi au quart le plus proche\n",
    "        rounded_value = round(dist * 4) / 4\n",
    "        \n",
    "        # ne garde que 0.25 ou 0.75\n",
    "        decimal = rounded_value % 1\n",
    "        if decimal == 0.0:\n",
    "            return rounded_value + 0.25\n",
    "        elif decimal == 0.5:\n",
    "            return rounded_value + 0.25\n",
    "        else:\n",
    "            return rounded_value\n",
    "    \n",
    "    def get_score(self, i, j):\n",
    "        dist = self.distance[j, self.frozen[\"pos_id\"]]\n",
    "        closest_dist = self.round_distance(dist)\n",
    "\n",
    "        score = self.dope.loc[(self.dope['res1'] == self.aa_codes[self.frozen['seq_res']]) & \n",
    "                              (self.dope['res2'] == self.aa_codes[self.sequence[i]]), \n",
    "                              closest_dist]\n",
    "        print(i, j, dist, closest_dist, score.values[0])\n",
    "        return float(score.values[0])\n",
    "    \n",
    "    def fill_matrix(self):\n",
    "        # Partie supérieure gauche\n",
    "        self.initialize_matrix(self.get_score(0, 0), [0, 0], \n",
    "                               [self.frozen['seq_id'] - 1, self.frozen['pos_id'] - 1],\n",
    "                               self.get_score)\n",
    "\n",
    "        for i in range(1, self.frozen['seq_id']):\n",
    "            for j in range(1, self.frozen['pos_id']):\n",
    "                score = self.get_score(i, j)\n",
    "                self.matrix[i, j] = score + min(self.matrix[i - 1, j - 1],\n",
    "                                                self.matrix[i - 1, j] + self.gap,\n",
    "                                                self.matrix[i, j - 1] + self.gap\n",
    "                                               )\n",
    "\n",
    "        # Case fixée\n",
    "        if (self.frozen['seq_id'] == 0):\n",
    "            self.matrix[self.frozen['seq_id'], self.frozen['pos_id']] = self.matrix[self.frozen['seq_id'], self.frozen['pos_id'] - 1]\n",
    "        elif (self.frozen['pos_id'] == 0):\n",
    "            self.matrix[self.frozen['seq_id'], self.frozen['pos_id']] = self.matrix[self.frozen['seq_id'] - 1, self.frozen['pos_id']]\n",
    "        else :\n",
    "            self.matrix[self.frozen['seq_id'], self.frozen['pos_id']] = self.matrix[self.frozen['seq_id'] - 1, self.frozen['pos_id'] - 1]\n",
    "\n",
    "        # Partie inférieure droite (si elle existe)\n",
    "        if (self.frozen['seq_id'] != self.lines - 1) and (self.frozen['pos_id'] != self.columns - 1):\n",
    "            self.initialize_matrix(self.matrix[self.frozen['seq_id'], self.frozen['pos_id']] +\n",
    "                                   self.get_score(self.frozen['seq_id'] + 1, self.frozen['pos_id'] + 1),\n",
    "                                   [self.frozen['seq_id'] + 1, self.frozen['pos_id'] + 1],\n",
    "                                   [self.lines - 1, self.columns - 1], self.get_score\n",
    "                                  )\n",
    "\n",
    "            if (self.frozen['seq_id'] != self.lines - 2) and (self.frozen['pos_id'] != self.columns - 2):\n",
    "                for i in range(self.frozen['seq_id'] + 2, self.lines):\n",
    "                    for j in range(self.frozen['pos_id'] + 2, self.columns):\n",
    "                        score = self.get_score(i, j)\n",
    "                        self.matrix[i, j] = score + min(self.matrix[i - 1, j - 1],\n",
    "                                                        self.matrix[i - 1, j] + self.gap,\n",
    "                                                        self.matrix[i, j - 1] + self.gap\n",
    "                                                       )\n",
    "                        max_score = self.matrix[i, j]\n",
    "            else :\n",
    "                max_score = self.matrix[self.lines - 1, self.columns - 1]\n",
    "\n",
    "        else :\n",
    "            max_score = self.matrix[self.frozen['seq_id'], self.frozen['pos_id']]\n",
    "        \n",
    "        return max_score"
   ]
  },
  {
   "cell_type": "code",
   "execution_count": 25,
   "id": "e785914a-d682-4ffd-9786-3d00f63ba83d",
   "metadata": {},
   "outputs": [
    {
     "name": "stdout",
     "output_type": "stream",
     "text": [
      "[[ 0.          3.81109512  6.46803656  9.24300692 11.98601844 11.3998171\n",
      "   9.23535825  8.09624073  5.42059056  5.50859556]\n",
      " [ 3.81109512  0.          3.7937007   6.35816994  8.84260199  8.00722187\n",
      "   5.47928225  5.2302759   4.41736324  6.2344752 ]\n",
      " [ 6.46803656  3.7937007   0.          3.81970967  5.58317732  5.52730486\n",
      "   4.92545013  5.49911947  6.36471421  6.97604415]\n",
      " [ 9.24300692  6.35816994  3.81970967  0.          3.81323419  5.92562748\n",
      "   5.68571447  8.18768007  9.79829256 10.7818849 ]\n",
      " [11.98601844  8.84260199  5.58317732  3.81323419  0.          3.78765495\n",
      "   5.96358567  8.39334343 11.0356244  11.92004333]\n",
      " [11.3998171   8.00722187  5.52730486  5.92562748  3.78765495  0.\n",
      "   3.83270662  5.44332031  8.79259461 10.24659724]\n",
      " [ 9.23535825  5.47928225  4.92545013  5.68571447  5.96358567  3.83270662\n",
      "   0.          3.78029734  6.8109365   9.39523001]\n",
      " [ 8.09624073  5.2302759   5.49911947  8.18768007  8.39334343  5.44332031\n",
      "   3.78029734  0.          3.80555594  6.50836838]\n",
      " [ 5.42059056  4.41736324  6.36471421  9.79829256 11.0356244   8.79259461\n",
      "   6.8109365   3.80555594  0.          3.79793457]\n",
      " [ 5.50859556  6.2344752   6.97604415 10.7818849  11.92004333 10.24659724\n",
      "   9.39523001  6.50836838  3.79793457  0.        ]]\n",
      "0 0 3.8110951182042156 3.75 -1.41\n",
      "1 0 3.8110951182042156 3.75 -1.41\n",
      "2 0 3.8110951182042156 3.75 -1.69\n",
      "3 0 3.8110951182042156 3.75 -1.61\n",
      "4 0 3.8110951182042156 3.75 -1.58\n",
      "5 0 3.8110951182042156 3.75 -1.54\n",
      "6 0 3.8110951182042156 3.75 -1.58\n",
      "7 0 3.8110951182042156 3.75 -1.54\n",
      "8 0 3.8110951182042156 3.75 -1.45\n",
      "-13.809999999999999\n"
     ]
    }
   ],
   "source": [
    "FROZEN = {'seq_id': 9, 'pos_id': 1}\n",
    "SEQUENCE = \"YYDPETGTWY\"\n",
    "GAP = 0\n",
    "    \n",
    "LOW_TEST = LowLevelMatrix(GAP, FROZEN, DIST_MATRIX, DOPE_MATRIX, SEQUENCE)\n",
    "MAX_SCORE = LOW_TEST.fill_matrix()\n",
    "print(MAX_SCORE)"
   ]
  },
  {
   "cell_type": "code",
   "execution_count": 9,
   "id": "f6717eda-b0df-42ea-af2a-c8de72c8480e",
   "metadata": {},
   "outputs": [
    {
     "data": {
      "text/plain": [
       "array([[ 0.        ,  3.81109512,  6.46803656,  9.24300692, 11.98601844,\n",
       "        11.3998171 ,  9.23535825,  8.09624073,  5.42059056,  5.50859556],\n",
       "       [ 3.81109512,  0.        ,  3.7937007 ,  6.35816994,  8.84260199,\n",
       "         8.00722187,  5.47928225,  5.2302759 ,  4.41736324,  6.2344752 ],\n",
       "       [ 6.46803656,  3.7937007 ,  0.        ,  3.81970967,  5.58317732,\n",
       "         5.52730486,  4.92545013,  5.49911947,  6.36471421,  6.97604415],\n",
       "       [ 9.24300692,  6.35816994,  3.81970967,  0.        ,  3.81323419,\n",
       "         5.92562748,  5.68571447,  8.18768007,  9.79829256, 10.7818849 ],\n",
       "       [11.98601844,  8.84260199,  5.58317732,  3.81323419,  0.        ,\n",
       "         3.78765495,  5.96358567,  8.39334343, 11.0356244 , 11.92004333],\n",
       "       [11.3998171 ,  8.00722187,  5.52730486,  5.92562748,  3.78765495,\n",
       "         0.        ,  3.83270662,  5.44332031,  8.79259461, 10.24659724],\n",
       "       [ 9.23535825,  5.47928225,  4.92545013,  5.68571447,  5.96358567,\n",
       "         3.83270662,  0.        ,  3.78029734,  6.8109365 ,  9.39523001],\n",
       "       [ 8.09624073,  5.2302759 ,  5.49911947,  8.18768007,  8.39334343,\n",
       "         5.44332031,  3.78029734,  0.        ,  3.80555594,  6.50836838],\n",
       "       [ 5.42059056,  4.41736324,  6.36471421,  9.79829256, 11.0356244 ,\n",
       "         8.79259461,  6.8109365 ,  3.80555594,  0.        ,  3.79793457],\n",
       "       [ 5.50859556,  6.2344752 ,  6.97604415, 10.7818849 , 11.92004333,\n",
       "        10.24659724,  9.39523001,  6.50836838,  3.79793457,  0.        ]])"
      ]
     },
     "execution_count": 9,
     "metadata": {},
     "output_type": "execute_result"
    }
   ],
   "source": [
    "DIST_MATRIX"
   ]
  },
  {
   "cell_type": "code",
   "execution_count": 15,
   "id": "ac20511d-4538-472b-aaba-2462e3407ccf",
   "metadata": {},
   "outputs": [
    {
     "data": {
      "text/plain": [
       "6.468036564522496"
      ]
     },
     "execution_count": 15,
     "metadata": {},
     "output_type": "execute_result"
    }
   ],
   "source": [
    "DIST_MATRIX[2, 0]"
   ]
  },
  {
   "cell_type": "markdown",
   "id": "82d1a042-246f-41f7-96f2-a3d8aabe6bfe",
   "metadata": {},
   "source": [
    "## Gap avant et après frozen possible"
   ]
  },
  {
   "cell_type": "code",
   "execution_count": 64,
   "id": "039082ce-d9e0-40d3-9784-b172a1f41263",
   "metadata": {},
   "outputs": [],
   "source": [
    "class LowLevelMatrix(DynamicMatrix):\n",
    "    aa_codes = {\n",
    "    'A': 'ALA', 'R': 'ARG', 'N': 'ASN', 'D': 'ASP', 'C': 'CYS',\n",
    "    'Q': 'GLN', 'E': 'GLU', 'G': 'GLY', 'H': 'HIS', 'I': 'ILE',\n",
    "    'L': 'LEU', 'K': 'LYS', 'M': 'MET', 'F': 'PHE', 'P': 'PRO',\n",
    "    'S': 'SER', 'T': 'THR', 'W': 'TRP', 'Y': 'TYR', 'V': 'VAL'\n",
    "    }\n",
    "    \n",
    "    def __init__(self, gap, frozen, distance, dope, sequence):\n",
    "        lines = len(sequence)\n",
    "        columns = len(distance)\n",
    "        \n",
    "        DynamicMatrix.__init__(self, lines, columns, gap)\n",
    "\n",
    "        # Vérification du blocage de la case\n",
    "        if (frozen['seq_id'] >= lines) or (frozen['seq_id'] < 0):\n",
    "            raise ValueError(\"Frozen line index out of matrix.\")\n",
    "        if (frozen['pos_id'] >= columns) or (frozen['pos_id'] < 0):\n",
    "            raise ValueError(\"Frozen column index out of matrix\")\n",
    "\n",
    "        # Récupération du résidu fixé\n",
    "        frozen['seq_res'] = sequence[frozen['seq_id']]\n",
    "        \n",
    "        self.frozen = frozen\n",
    "        self.distance = distance\n",
    "        self.dope = dope\n",
    "        self.sequence = sequence\n",
    "\n",
    "    def round_distance(self, dist):\n",
    "        # arrondi au quart le plus proche\n",
    "        rounded_value = round(dist * 4) / 4\n",
    "        \n",
    "        # ne garde que 0.25 ou 0.75\n",
    "        decimal = rounded_value % 1\n",
    "        if decimal == 0.0:\n",
    "            return rounded_value + 0.25\n",
    "        elif decimal == 0.5:\n",
    "            return rounded_value + 0.25\n",
    "        else:\n",
    "            return rounded_value\n",
    "    \n",
    "    def get_score(self, i, j):\n",
    "        dist = self.distance[j, self.frozen[\"pos_id\"]]\n",
    "        closest_dist = self.round_distance(dist)\n",
    "\n",
    "        score = self.dope.loc[(self.dope['res1'] == self.aa_codes[self.frozen['seq_res']]) & \n",
    "                              (self.dope['res2'] == self.aa_codes[self.sequence[i]]), \n",
    "                              closest_dist]\n",
    "        \n",
    "        return float(score.values[0])\n",
    "    \n",
    "    def fill_matrix(self):\n",
    "        # Partie supérieure gauche\n",
    "        self.initialize_matrix(self.get_score(0, 0), [0, 0], \n",
    "                               [self.frozen['seq_id'], self.frozen['pos_id']],\n",
    "                               self.get_score)\n",
    "\n",
    "        for i in range(1, self.frozen['seq_id'] + 1):\n",
    "            for j in range(1, self.frozen['pos_id'] + 1):\n",
    "                score = self.get_score(i, j)\n",
    "                self.matrix[i, j] = score + min(self.matrix[i - 1, j - 1],\n",
    "                                                self.matrix[i - 1, j] + self.gap,\n",
    "                                                self.matrix[i, j - 1] + self.gap\n",
    "                                               )\n",
    "        # Partie inférieure droite\n",
    "        self.initialize_matrix(self.matrix[self.frozen['seq_id'], self.frozen['pos_id']],\n",
    "                               [self.frozen['seq_id'], self.frozen['pos_id']],\n",
    "                               [self.lines - 1, self.columns - 1],\n",
    "                               self.get_score)\n",
    "\n",
    "        for i in range(self.frozen['seq_id'] + 1, self.lines):\n",
    "            for j in range(self.frozen['pos_id'] + 1, self.columns):\n",
    "                score = self.get_score(i, j)\n",
    "                self.matrix[i, j] = score + min(self.matrix[i - 1, j - 1],\n",
    "                                                self.matrix[i - 1, j] + self.gap,\n",
    "                                                self.matrix[i, j - 1] + self.gap\n",
    "                                               )\n",
    "\n",
    "        print(self.matrix)\n",
    "        max_score = self.matrix[self.lines - 1, self.columns - 1]\n",
    "        return max_score"
   ]
  },
  {
   "cell_type": "code",
   "execution_count": 84,
   "id": "c6113f81-0792-49dd-be1d-107bfa6e7ffa",
   "metadata": {},
   "outputs": [
    {
     "name": "stdout",
     "output_type": "stream",
     "text": [
      "[[-3.000e-02  1.400e-01 -2.800e-01 -5.600e-01 -2.100e+00  7.900e+00\n",
      "   0.000e+00  0.000e+00  0.000e+00  0.000e+00]\n",
      " [-6.000e-02  1.100e-01 -7.000e-01 -9.800e-01 -3.640e+00  6.360e+00\n",
      "   0.000e+00  0.000e+00  0.000e+00  0.000e+00]\n",
      " [-2.000e-02  1.700e-01 -1.290e+00 -1.470e+00 -5.230e+00  4.770e+00\n",
      "   0.000e+00  0.000e+00  0.000e+00  0.000e+00]\n",
      " [ 7.000e-02  1.000e-01 -1.700e+00 -2.100e+00 -6.960e+00  3.040e+00\n",
      "   0.000e+00  0.000e+00  0.000e+00  0.000e+00]\n",
      " [ 1.200e-01  2.700e-01 -2.010e+00 -2.320e+00 -8.600e+00  1.400e+00\n",
      "   0.000e+00  0.000e+00  0.000e+00  0.000e+00]\n",
      " [ 1.300e-01  2.500e-01 -2.390e+00 -2.680e+00 -1.015e+01 -1.500e-01\n",
      "  -1.700e+00 -2.080e+00 -2.180e+00 -2.400e+00]\n",
      " [ 0.000e+00  0.000e+00  0.000e+00  0.000e+00  0.000e+00  9.850e+00\n",
      "  -3.370e+00 -3.840e+00 -3.890e+00 -4.030e+00]\n",
      " [ 0.000e+00  0.000e+00  0.000e+00  0.000e+00  0.000e+00  1.985e+01\n",
      "  -4.920e+00 -5.300e+00 -5.400e+00 -5.620e+00]\n",
      " [ 0.000e+00  0.000e+00  0.000e+00  0.000e+00  0.000e+00  2.985e+01\n",
      "  -6.430e+00 -6.810e+00 -6.880e+00 -7.090e+00]\n",
      " [ 0.000e+00  0.000e+00  0.000e+00  0.000e+00  0.000e+00  3.985e+01\n",
      "  -7.970e+00 -8.390e+00 -8.450e+00 -8.720e+00]]\n",
      "-8.720000000000002\n"
     ]
    }
   ],
   "source": [
    "FROZEN = {'seq_id': 5, 'pos_id': 5}\n",
    "SEQUENCE = \"YYDPETGTWY\"\n",
    "GAP = 0\n",
    "    \n",
    "LOW_TEST = LowLevelMatrix(GAP, FROZEN, DIST_MATRIX, DOPE_MATRIX, SEQUENCE)\n",
    "MAX_SCORE = LOW_TEST.fill_matrix()\n",
    "print(MAX_SCORE)"
   ]
  },
  {
   "cell_type": "code",
   "execution_count": null,
   "id": "0ec084ad-a4c0-4de3-9fe7-93f14d63e50c",
   "metadata": {},
   "outputs": [],
   "source": []
  }
 ],
 "metadata": {
  "kernelspec": {
   "display_name": "Python 3 (ipykernel)",
   "language": "python",
   "name": "python3"
  },
  "language_info": {
   "codemirror_mode": {
    "name": "ipython",
    "version": 3
   },
   "file_extension": ".py",
   "mimetype": "text/x-python",
   "name": "python",
   "nbconvert_exporter": "python",
   "pygments_lexer": "ipython3",
   "version": "3.12.3"
  }
 },
 "nbformat": 4,
 "nbformat_minor": 5
}
